21734    21734cl1447517734       已退款   应该充值成功

21695    21695cl1447484984       未支付（孙文兰测试）  应该充值成功

支付成功的都正确聚合数据



48
48
[31084L, 31084L, 8158L, 8158L, 218747L, 163870L, 113271L, 94745L, 94745L, 123013L, 123013L, 144518L, 134046L, 12170L, 48547L, 48547L, 48547L, 48547L, 48547L, 167012L, 169629L, 167012L, 45061L, 69760L, 132391L, 117336L, 45061L, 45061L, 117336L, 35633L, 167091L, 167091L, 1L, 191052L, 158866L, 76506L, 76506L, 79475L, 36314L, 36314L, 36314L, 36314L, 76506L, 133292L, 36314L, 68180L, 76506L, 1929L]


31084,6283,39800,-33517
31084,6283,0,46483,31
31084,6283,39800,-33517
31084,6283,0,46483,31
8158,302920,297000,5920
8158,302920,257000,5920,110
8158,302920,297000,5920
8158,302920,257000,5920,110
218747,797,700,97
218747,797,0,97,7
163870,29555,20000,9555
163870,29555,0,9555,75
113271,32899,32000,899
113271,32899,12000,899,49
94745,252904,252900,4
94745,252904,214600,4,105
94745,252904,252900,4
94745,252904,214600,4,105
123013,40018,40000,18
123013,40018,0,18,98
123013,40018,40000,18
123013,40018,0,18,98
144518,6768,6700,68
144518,6768,1000,68,14
134046,12275,12200,75
134046,12275,0,75,35
12170,19575,19500,75
12170,19575,6000,75,35
48547,102884,100000,2884
48547,102884,0,2884,294
48547,102884,100000,2884
48547,102884,0,2884,294
48547,102884,100000,2884
48547,102884,0,2884,294
48547,102884,100000,2884
48547,102884,0,2884,294
48547,102884,100000,2884
48547,102884,0,2884,294
167012,331854,330000,1854
167012,331854,330000,1854,574
169629,21908,21000,908
169629,21908,1000,908,7
167012,331854,330000,1854
167012,331854,330000,1854,574
45061,60088,60000,88
45061,60088,0,88,168
69760,20019,20000,19
69760,20019,0,19,49
132391,6674,6600,74
132391,6674,0,74,14
117336,40574,40000,574
117336,40574,0,574,112
45061,60088,60000,88
45061,60088,0,88,168
45061,60088,60000,88
45061,60088,0,88,168
117336,40574,40000,574
117336,40574,0,574,112
35633,20072,20000,72
35633,20072,0,72,42
167091,44876,40000,4876
167091,44876,0,4876,126
167091,44876,40000,4876
167091,44876,0,4876,126
1,23064,23000,64
1,23064,3000,64,14
191052,21428,21400,28
191052,21428,10000,28,28
158866,28437,20000,8437
158866,28437,0,28437,77
76506,40044,80000,-39956
76506,40044,80000,44,84
76506,40044,80000,-39956
76506,40044,80000,44,84
79475,10198,10100,98
79475,10198,0,98,28
36314,100050,500000,-399950
36314,100050,100000,50,280
36314,100050,500000,-399950
36314,100050,100000,50,280
36314,100050,500000,-399950
36314,100050,100000,50,280
36314,100050,500000,-399950
36314,100050,100000,50,280
76506,40044,80000,-39956
76506,40044,80000,44,84
133292,20476,20000,476
133292,20476,0,20476,56
36314,100050,500000,-399950
36314,100050,100000,50,280
68180,52247,20000,32247
68180,52247,0,52247,47
76506,40044,80000,-39956
76506,40044,80000,44,84
1929,4547,4500,47
1929,4547,0,47,7

去重之后
69760,20019,20000,19
69760,20019,0,19,49
1,23064,23000,64
1,23064,3000,64,14
123013,40018,40000,18
123013,40018,0,18,98
144518,6768,6700,68
144518,6768,1000,68,14
1929,4547,4500,47
1929,4547,0,47,7
12170,19575,19500,75
12170,19575,6000,75,35
158866,28437,20000,8437
158866,28437,0,28437,77
94745,252904,252900,4
94745,252904,214600,4,105
169629,21908,21000,908
169629,21908,1000,908,7
134046,12275,12200,75
134046,12275,0,75,35
45061,60088,60000,88
45061,60088,0,88,168
48547,102884,100000,2884
48547,102884,0,2884,294
36314,100050,500000,-399950
36314,100050,100000,50,280
132391,6674,6600,74
132391,6674,0,74,14
133292,20476,20000,476
133292,20476,0,20476,56
35633,20072,20000,72
35633,20072,0,72,42
167091,44876,40000,4876
167091,44876,0,4876,126
163870,29555,20000,9555
163870,29555,0,9555,75
191052,21428,21400,28
191052,21428,10000,28,28
68180,52247,20000,32247
68180,52247,0,52247,47
117336,40574,40000,574
117336,40574,0,574,112
76506,40044,80000,-39956
76506,40044,80000,44,84
8158,302920,297000,5920
8158,302920,257000,5920,110
167012,331854,330000,1854
167012,331854,330000,1854,574
31084,6283,39800,-33517
31084,6283,0,46483,31
79475,10198,10100,98
79475,10198,0,98,28
113271,32899,32000,899
113271,32899,12000,899,49
218747,797,700,97
218747,797,0,97,7
11-16

23
7
[159274L, 34794L, 139611L, 30316L, 177358L, 31887L, 18994L]
[159274L, 30316L, 177358L, 31887L, 18994L, 139611L, 34794L]
3808,3800,8
14510,14500,10
878,800,78
102942,102900,42
2048,2000,48
9085,9000,85
17148,17100,48

11-17未支付订单状态确认
68
[17324L, 17330L, 17558L, 17593L, 17759L, 18095L, 18103L, 18407L, 18530L, 18542L, 18624L, 18629L, 18637L, 18739L, 18748L, 18779L, 18840L, 18868L, 19097L, 19127L, 19130L, 19370L, 19373L, 19405L, 19456L, 19558L, 19576L, 19580L, 19599L, 19625L, 19912L, 19934L, 19975L, 19982L, 20192L, 20247L, 20289L, 20317L, 20330L, 20356L, 20439L, 20449L, 20466L, 20474L, 20499L, 20502L, 20550L, 20623L, 20683L, 20761L, 20879L, 20927L, 20935L, 21107L, 21120L, 21148L, 21286L, 21299L, 21303L, 21315L, 21316L, 21329L, 21343L, 21535L, 21536L, 21543L, 21586L, 21597L]
[10842,104189,113636,130595,120506,139404,142928,2963,145323,132494,136896,148768,143377,147430,151107,75286,169310,35543,177017,177209,177655,142928,180979,15905,166558,195695,138799,198484,85117,200624,201034,162698,180012,182189,174149,180430,199311,165587,176868,145548,167656,169934,136133,167656,3249,213484,41448,176285]
[262L, 282L, 291L, 294L, 392L, 432L, 662L, 783L, 1148L, 1257L, 1342L, 2170L, 2595L, 2624L, 2814L, 2817L, 3249L, 3726L, 10842L, 31084L, 35543L, 36314L, 75056L, 75286L, 76506L, 94745L, 142928L, 145323L, 167656L, 168993L, 169310L, 195695L, 200624L]